
ProcessId ParentProcessId Co
                          mm
                          an
                          dL
                          in
                          e 
--------- --------------- --
        0               0   
        4               0   
      116               4   
      424               4   
      620             600   
      724             600   
      732             712   
      800             724   
      820             724   
      932             800   
      960             724   
      472             800   
      488             800   
      872             712   
     1056             872   
     1216             800   
     1208             800   
     1224             800   
     1244             872   
     1304             800   
     1416             800   
     1432             800   
     1584             800   
     1628             800   
     1716             800   
     1740             800   
     1892             800   
     1920             800   
     1992             800   
     2016             800   
     2044             800   
      480             800   
     1624             800   
     2160             800   
     2212               4   
     2252             800   
     2280             800   
     2324             800   
     2372             800   
     2380             800   
     2548             800   
     2668             800   
     2712             800   
     2760             800   
     2788             800   
     2848            2788   
     2876             800   
     2884             800   
     2892             800   
     2900             800   
     2424             800   
     3108             800   
     3136             800   
     3208             800   
     3244             800   
     3296             800   
     3336             800   
     3504             800   
     3512             800   
     3520             800   
     3536             800   
     3544             800   
     3572             800   
     3588             800   
     3596             800   
     3920             800   
     4960            3536   
     5060             932   
     4248             800   
     6056            3572 "C
     6136            1892 si
     5224             800 C:
     4416             800 C:
     5492            1716 ta
     5480             800   
     5632            5452 ig
     5664             800   
     5704            5452 ig
     5740            5452 ig
     5724            5664   
     5932             800   
     6004             800   
     4668            6056   
     4528             800   
     3896            6056 "C
     4604            4400 "A
     4640            4604 \?
     6220            6200 C:
     6556             800 C:
     7100             932 "C
     6984             932 C:
     2688             800 C:
     6240             800   
     3152             932 C:
     7504             932 C:
     1836            1716 "C
     8488            6220 "C
     8424             800   
     8900            6220 "C
     5264            6220 "C
     9588             800   
    10820             800 C:
     8468             800   
     6928             800   
    10740            3536   
     8240           10740   
     7964             800   
     2644             800   
     2512             800   
    11556             800   
     6016             932 "C
    12060             932 C:
     4472           11440 ad
     5168             932 C:
     4840             800 C:
    11824             800   
    17984             932 C:
    18176             800   
    15112             800   
    15052             800   
    14576             800   
    11436             932 C:
    11136            1716   
    15972             932 "C
    18236             932 "C
    22092             800   
    13652            6220 "C
    14916             800 C:
    16196             932 C:
    23944             800 C:
    14600             800   
    23548             800   
    20468             800   
     9652             800   
    12272             800   
    21404             932 "C
     5616             932 C:
     9968           26276 "C
    16004             932 "C
     6272             932 "C
    19684           22028 \?
    24312           17932 "C
    15072             932 "C
    15632             932 "C
    24396             932 "C
    15204            6220 "C
    24424             932 C:
    20128           15204 "C
    25184           20128 "C
    10564           20128 "C
    23152           20128 "C
    17644           20128 "C
     8688           20128 "C
    14928            6220 "C
     8000           14928 "C
     2288           14928 "C
    16836           14928 "C
     8808           14928 "C
    15116           14928 "C
     9272           14928 "C
     9316           14928 "C
     4576           14928 "C
    21780           14928 "C
     5440            1716   
     1256            5440   
    15320            5440   
     8364             932 "C
    19712           18716 /s
     9684           14928 "C
    19976             932 "C
    22356             932 C:
     1472            6424 "C
     8588           24232 "C
    25804             800   
    20520           14928 "C
    11020           14928 "C
    18900           14928 "C
     9756             800   
    22336             932 "C
    24244           14928 "C
    16084           14040 "C
    11144            2760   
    25364           14928 "C
    13332           16084 C:
    14080           16084 "C
    21336           16084 "C
     2496           16084 "C
    21376           16084 "C
     4628           16084 "C
     8628           16084 "C
    14228           16084 "C
    23788           16084 "C
     6696           16084 "C
     8224           16084 "C
    21200           16084 "C
    19412            8628 \\
     8412            8628 C:
    22892            8224 ss
    16780           22892 C:
    25340           16780 \?
     2528           21200 C:
    19300           21200 C:
    13780           16780 "C
    13308           19300 C:
    20108           21200 C:
     7536            8628 \\
     7140            8628 C:
    23032           21200 c:
     1452           21200 C:
     2596           23032 \?
    23412           21200 C:
    25412           21200 C:
    16040           14928 "C
     6672           16084 "C
    22504           21200 "C
    19160           14228 C:
    14476           22504 "C
     9252           22504 "C
    23928           22504 "C
    19724           22504 "C
      400           22504 "C
     8696            8412 "C
    16232            8696 C:
    25740           16232 "n
    10168           25740 "C
    21180           22504 "C
    21064           10168 "n
    19388           16084 "C
    17952           22304 "C
     1480           17952 "C
    25256           17952 "C
    16776           17952 "C
    21256           17952 "C
     9932            8628 \\
    10332            8628 C:
    25668            8628 \\
    14104            8628 C:
    15048            8628 \\
    24936            8628 C:
    21956           14928 "C
    20256             800   
     9996           14928 "C
    19576             932   
    26528           14928 "C
     1636           14928 "C
     1984           14928 "C


